lastAccountName: NathanCrt
timestamps:
  login: 1616949382577
  logout: 1616950466739
ipAddress: 92.184.116.39
logoutlocation:
  world: beelife
  x: -888.3391943448505
  y: 96.0
  z: 574.0957599648057
  yaw: -220.95752
  pitch: -1.9775399
lastlocation:
  world: beelife
  x: -990.6417272543293
  y: 54.0
  z: 183.1627412582544
  yaw: -135.43207
  pitch: 16.516811
