lastAccountName: _FiFe_
timestamps:
  login: 1616861015433
  logout: 1616863731617
  lastteleport: 1616863596485
ipAddress: 176.181.117.167
logoutlocation:
  world: beelife
  x: -1097.171812945794
  y: 56.0
  z: 228.30000001192093
  yaw: 171.35739
  pitch: 22.64834
lastlocation:
  world: beelife
  x: -1018.1399661015789
  y: 70.99992606152043
  z: 130.34406115387932
  yaw: -20.387798
  pitch: 18.149887
money: '-2000'
