lastAccountName: luissrs
timestamps:
  login: 1616851760279
  logout: 1616851943715
  lastteleport: 1615982179086
ipAddress: 144.64.26.219
logoutlocation:
  world: beelife
  x: -1052.090359529053
  y: 55.0625
  z: 248.7560980563236
  yaw: -253.0501
  pitch: 9.899991
lastlocation:
  world: beelife
  x: -858.0521641803623
  y: 118.99992615420399
  z: 475.9958889316579
  yaw: 240.99486
  pitch: 43.05035
