lastAccountName: Le_Teddy
timestamps:
  login: 1616963536092
  logout: 1616963568929
ipAddress: 176.168.75.76
logoutlocation:
  world: beelife
  x: -1072.9095551131684
  y: 54.0
  z: 129.57091929180714
  yaw: 269.94147
  pitch: 2.5749872
lastlocation:
  world: beelife
  x: -947.9463919323107
  y: 54.0
  z: 156.11742857128644
  yaw: -279.05566
  pitch: 3.4694507
