lastAccountName: BriPhaNocxx
timestamps:
  login: 1617894346105
  logout: 1617894679651
  lastteleport: 1617890791808
ipAddress: 81.48.181.222
logoutlocation:
  world: beelife
  x: -815.8800972948233
  y: 106.4024013330595
  z: 480.1250668660814
  yaw: -343.57465
  pitch: 18.863447
lastlocation:
  world: beelife
  x: -810.519512817004
  y: 97.0
  z: 507.7544920820071
  yaw: 99.91293
  pitch: 18.168892
