lastAccountName: HCtropCool
timestamps:
  login: 1617814109834
  logout: 1617814160033
ipAddress: 86.71.242.41
logoutlocation:
  world: beelife
  x: -1024.8474019001383
  y: 54.0
  z: 285.68329027510305
  yaw: -4.346039
  pitch: 17.24998
