lastAccountName: Poskitch
timestamps:
  login: 1615375912977
  logout: 1615386384588
  lastteleport: 1615376011101
ipAddress: 37.167.206.144
lastlocation:
  world: beelife
  x: -24.41244187291668
  y: 17.744331692874713
  z: 241.77680498291244
  yaw: 300.01984
  pitch: 28.349749
logoutlocation:
  world: beelife
  x: 34.949280158435485
  y: 23.0
  z: 231.7230516865771
  yaw: -355.5207
  pitch: -2.5502422
godmode: false
confirm-pay: true
