lastAccountName: Xef1121
timestamps:
  login: 1616848647404
  logout: 1616849565947
ipAddress: 88.138.245.196
logoutlocation:
  world: beelife
  x: -1095.1185408530985
  y: 56.0
  z: 207.70029451944077
  yaw: -189.34634
  pitch: 15.64438
lastlocation:
  world: beelife
  x: -855.5444785312152
  y: 64.17675927506424
  z: 258.985478972809
  yaw: 1.5115967
  pitch: 20.601933
