lastAccountName: MinfoX_
timestamps:
  login: 1617874566536
  logout: 1617884621907
ipAddress: 88.127.152.163
logoutlocation:
  world: beelife
  x: -753.0706958008969
  y: 96.0
  z: 487.62055059951354
  yaw: 359.8635
  pitch: 45.82219
lastlocation:
  world: beelife
  x: -752.4380277763358
  y: 96.0
  z: 487.65593728351456
  yaw: 30.688782
  pitch: 4.049412
