lastAccountName: roan974
timestamps:
  login: 1615980303025
  logout: 1615990511227
ipAddress: 41.213.169.50
logoutlocation:
  world: beelife
  x: -791.5365835702667
  y: 89.1012217806855
  z: 81.04603906825157
  yaw: 325.65234
  pitch: 17.99997
lastlocation:
  world: beelife
  x: -796.2568838052254
  y: 70.03540454756039
  z: 121.16697761228531
  yaw: 240.23428
  pitch: 32.779724
