lastAccountName: Oreiller_
timestamps:
  login: 1616789711304
  logout: 1616795265960
ipAddress: 84.98.52.145
logoutlocation:
  world: beelife
  x: -1093.0202266414797
  y: 57.024424088213685
  z: 226.61160078894068
  yaw: 184.24811
  pitch: 11.849983
