lastAccountName: Poskitch2
timestamps:
  login: 1615326478638
  logout: 1615329157834
  lastteleport: 1615327135347
ipAddress: 83.154.119.39
logoutlocation:
  world: beelife
  x: 92.61993162874064
  y: 5.780969239760814
  z: 268.1810109484741
  yaw: -359.54855
  pitch: 44.099533
lastlocation:
  world: beelife
  x: 8.300000011920929
  y: 10.407626084593831
  z: 225.95657779416453
  yaw: -193.799
  pitch: 28.649988
