lastAccountName: Dradead
timestamps:
  login: 1616860301527
  logout: 1616863678616
ipAddress: 93.16.41.94
logoutlocation:
  world: beelife
  x: -1109.925000011921
  y: 55.0
  z: 133.6250031407765
  yaw: 22.32752
  pitch: -6.3686714
