lastAccountName: Wawann06
timestamps:
  login: 1616949431705
  logout: 1616950545477
ipAddress: 81.28.193.242
lastlocation:
  world: beelife
  x: -880.7783652158615
  y: 54.41999998688698
  z: 123.25581072367368
  yaw: -83.69999
  pitch: 3.1500134
logoutlocation:
  world: beelife
  x: -883.6455440949067
  y: 96.0
  z: 578.3750824599288
  yaw: 198.29828
  pitch: 3.0001888
