lastAccountName: TheWindoxi
timestamps:
  login: 1616792569904
  lastteleport: 1616793666067
  logout: 1616794279309
ipAddress: 86.218.2.31
lastlocation:
  world: beelife
  x: -970.4434253575913
  y: 61.67388526995582
  z: 170.4538781223416
  yaw: 106.27244
  pitch: 10.506596
logoutlocation:
  world: beelife
  x: -1095.404330960021
  y: 54.0
  z: 147.11779967755908
  yaw: 153.60408
  pitch: 13.100877
