lastAccountName: Caspere2
timestamps:
  login: 1617213973482
  logout: 1617225559980
ipAddress: 88.167.191.73
logoutlocation:
  world: beelife
  x: -1095.5140425937007
  y: 56.0
  z: 231.2575477971477
  yaw: 19.499977
  pitch: 17.550009
lastlocation:
  world: beelife
  x: -748.720909042976
  y: 65.0
  z: 349.7857491995743
  yaw: -118.94848
  pitch: 13.4999275
