lastAccountName: CasperBypass2233
timestamps:
  login: 1615938546675
  logout: 1615939039378
ipAddress: 88.167.191.73
logoutlocation:
  world: beelife
  x: -1026.950387853114
  y: 85.73866694522457
  z: 340.2920569349534
  yaw: -173.19756
  pitch: 17.84945
lastlocation:
  world: beelife
  x: -1111.135948185025
  y: 67.13167437265052
  z: 225.046229370799
  yaw: -163.04987
  pitch: 5.550002
