lastAccountName: nonite07
timestamps:
  login: 1616706911965
  logout: 1616713919066
ipAddress: 91.170.222.148
lastlocation:
  world: beelife
  x: -1024.1886567595852
  y: 58.74836594313038
  z: 291.68392580608236
  yaw: 178.25702
  pitch: 23.644804
logoutlocation:
  world: beelife
  x: -1084.988834684302
  y: 54.0
  z: 157.92018590036253
  yaw: -6.0688095
  pitch: 0.91196185
