lastAccountName: Elo_Frags
timestamps:
  login: 1616834060736
  logout: 1616834326221
ipAddress: 176.166.164.100
logoutlocation:
  world: beelife
  x: -1022.6368570297144
  y: 54.0
  z: 183.43200347524368
  yaw: 80.9986
  pitch: 9.012954
