lastAccountName: Ahabhdakor
timestamps:
  login: 1617892420053
  logout: 1617893450846
  lastteleport: 1617891010300
ipAddress: 88.168.83.56
logoutlocation:
  world: beelife
  x: -955.4649391676535
  y: 96.48303254230831
  z: 191.83858845903055
  yaw: 139.07648
  pitch: 55.530952
lastlocation:
  world: beelife
  x: -863.5385174636456
  y: 80.88926572644542
  z: 385.01549201733326
  yaw: -241.62756
  pitch: 32.537933
