lastAccountName: enzo685
timestamps:
  login: 1617824810591
  logout: 1617825561252
ipAddress: 79.132.51.249
logoutlocation:
  world: beelife
  x: -945.7195582019978
  y: 54.0
  z: 103.49497634602471
  yaw: 178.35031
  pitch: 13.649958
money: '2000'
