lastAccountName: IQuiZz
timestamps:
  login: 1617580705499
  logout: 1617581570818
ipAddress: 176.186.40.76
logoutlocation:
  world: beelife
  x: -1018.858731106531
  y: 54.0
  z: 262.1462323464711
  yaw: -36.459454
  pitch: -11.467595
lastlocation:
  world: beelife
  x: -981.8924065125295
  y: 55.25220334025373
  z: 182.36873372313775
  yaw: -89.94458
  pitch: 21.404835
