lastAccountName: Barzou
timestamps:
  login: 1617540458912
  logout: 1617546065430
ipAddress: 2.3.181.237
lastlocation:
  world: beelife
  x: -1104.613426564825
  y: 61.28784894461451
  z: 243.12047806999868
  yaw: -19.96289
  pitch: 51.738922
logoutlocation:
  world: beelife
  x: -1037.675398841114
  y: 55.0
  z: 256.0817428280627
  yaw: -19.715576
  pitch: 28.28766
