lastAccountName: Casperetnul
timestamps:
  login: 1617739949849
  logout: 1617740618023
ipAddress: 176.167.9.235
logoutlocation:
  world: beelife
  x: -1103.5161108179332
  y: 55.0
  z: 218.15801926099
  yaw: -249.30226
  pitch: 24.599945
