lastAccountName: Onitsag
timestamps:
  login: 1616866015797
  logout: 1616866045780
ipAddress: 31.39.3.236
logoutlocation:
  world: beelife
  x: -1095.5
  y: 56.0
  z: 230.5
  yaw: 0.0
  pitch: 0.0
lastlocation:
  world: beelife
  x: -1014.2597927058014
  y: 54.0
  z: 287.4871557348174
  yaw: 82.5884
  pitch: 4.8492804
