lastAccountName: imFentanyl
timestamps:
  login: 1617875750304
  logout: 1617877040454
ipAddress: 176.67.82.22
logoutlocation:
  world: beelife
  x: -763.0939201723929
  y: 117.50404141922492
  z: 495.33090709239696
  yaw: -150.11401
  pitch: 20.943224
lastlocation:
  world: beelife
  x: -1084.8176788424862
  y: 80.87574567061043
  z: 183.99673453990326
  yaw: -325.40796
  pitch: 46.950558
