lastAccountName: SOAKED__
timestamps:
  login: 1617542428007
  logout: 1617545072431
  lastteleport: 1616705403248
ipAddress: 86.244.42.125
logoutlocation:
  world: beelife
  x: -1086.0457449861767
  y: 80.0
  z: 114.06518106680092
  yaw: 12.39978
  pitch: 32.97752
lastlocation:
  world: beelife
  x: -1048.541532054873
  y: 54.0
  z: 176.30450199313563
  yaw: 10.918182
  pitch: 40.81386
