lastAccountName: spas48
timestamps:
  login: 1616600664234
  logout: 1616601807448
ipAddress: 37.171.221.20
lastlocation:
  world: beelife
  x: -1095.5
  y: 56.0
  z: 229.85911720823694
  yaw: -10.049998
  pitch: 2.5500002
