lastAccountName: Azmog05
timestamps:
  login: 1617357024674
  logout: 1617360909229
ipAddress: 109.88.80.216
lastlocation:
  world: beelife
  x: -1230.0020242857556
  y: 6.868598561411894
  z: 1032.6450919439715
  yaw: -171.44458
  pitch: 16.959686
logoutlocation:
  world: beelife
  x: -643.7238566112995
  y: 106.55495553936487
  z: 383.0545896882459
  yaw: -233.54395
  pitch: 42.667404
