lastAccountName: Karlljp
timestamps:
  login: 1617637251409
  logout: 1617640478580
ipAddress: 78.119.92.87
logoutlocation:
  world: beelife
  x: -808.2686986126678
  y: 54.0
  z: -0.46422198454818286
  yaw: -334.05225
  pitch: 6.149944
lastlocation:
  world: beelife
  x: -1118.23358742526
  y: 55.75220334025373
  z: 325.6828943682452
  yaw: -269.0999
  pitch: 20.400122
