lastAccountName: alexyanis
timestamps:
  login: 1615642360743
  logout: 1615643886204
ipAddress: 2.10.110.18
logoutlocation:
  world: beelife
  x: 10.5
  y: 6.0
  z: 220.5
  yaw: 0.8267296
  pitch: -6.2222285
lastlocation:
  world: beelife
  x: 341.28963649169356
  y: 15.0
  z: 309.5809322226913
  yaw: -233.35107
  pitch: 35.783886
