lastAccountName: BySalem
timestamps:
  login: 1617738798203
  logout: 1617739221924
  lastteleport: 1617738955350
ipAddress: 184.144.249.242
logoutlocation:
  world: beelife
  x: -611.7749537293607
  y: 67.34368789983323
  z: 284.9267546449046
  yaw: 84.62532
  pitch: 29.09996
lastlocation:
  world: beelife
  x: -775.9207268456543
  y: 60.629812544493824
  z: 121.94403369339959
  yaw: 25.195831
  pitch: 37.049526
