lastAccountName: Darcos_doc
timestamps:
  login: 1615655075184
  logout: 1615655157252
  lastteleport: 1615654342356
ipAddress: 92.130.170.96
logoutlocation:
  world: beelife
  x: 7.73818941355249
  y: 37.64773368063661
  z: 197.27406667346102
  yaw: 198.9115
  pitch: 18.021921
lastlocation:
  world: beelife
  x: 218.9333286005353
  y: 45.749170731581636
  z: 318.9392642315207
  yaw: 274.76776
  pitch: 27.349762
