lastAccountName: OVHBYPASS
timestamps:
  login: 1615466424903
  logout: 1615466645388
ipAddress: 176.67.82.16
logoutlocation:
  world: beelife
  x: -2.632628357014675
  y: 4.0
  z: 219.20682596126662
  yaw: 4.3498015
  pitch: 52.800037
lastlocation:
  world: beelife
  x: -22.69999998807907
  y: 2.495200877005912
  z: 276.69999998807907
  yaw: -88.49954
  pitch: 51.149895
