lastAccountName: Caspere3
timestamps:
  login: 1616775246723
  logout: 1616776197106
ipAddress: 88.167.191.73
lastlocation:
  world: beelife
  x: -1099.8383921196787
  y: 57.0
  z: 237.88938088308066
  yaw: 13.79986
  pitch: 17.549982
logoutlocation:
  world: beelife
  x: -1107.9780856632842
  y: 54.0
  z: 251.13261939709588
  yaw: -199.64905
  pitch: 7.4998226
