lastAccountName: KyzerGHD
timestamps:
  login: 1616936931571
  logout: 1616938734637
ipAddress: 91.175.150.76
logoutlocation:
  world: beelife
  x: -1096.6002494817938
  y: 56.0
  z: 202.50045995183004
  yaw: -332.4392
  pitch: 12.806098
