lastAccountName: CasperBypass
timestamps:
  login: 1616163494725
  logout: 1616164225374
ipAddress: 88.167.191.73
logoutlocation:
  world: beelife
  x: -1030.7598545919548
  y: 54.0
  z: 292.178556812261
  yaw: -195.59845
  pitch: 4.6500287
lastlocation:
  world: beelife
  x: -1095.5
  y: 56.0
  z: 230.5
  yaw: 0.0
  pitch: 0.0
