lastAccountName: ThePanda78
timestamps:
  login: 1616807509287
  logout: 1616808412941
ipAddress: 88.140.4.193
logoutlocation:
  world: beelife
  x: -1123.543283559962
  y: 54.7531999805212
  z: 255.51075009721546
  yaw: -276.95953
  pitch: 20.060001
lastlocation:
  world: beelife
  x: -1090.9346988119637
  y: 54.0
  z: 156.0146157821028
  yaw: 1.0633664
  pitch: -9.87412
money: '100000'
