lastAccountName: DrAetheria
timestamps:
  login: 1616865706173
  logout: 1616865736135
ipAddress: 176.135.13.147
logoutlocation:
  world: beelife
  x: -1095.5
  y: 56.0
  z: 230.5
  yaw: 0.0
  pitch: 0.0
lastlocation:
  world: beelife
  x: -1092.6018879446074
  y: 56.0
  z: 210.3558834463778
  yaw: -287.4194
  pitch: 1.2002618
