lastAccountName: Ptiloldu45
timestamps:
  login: 1616937601932
  logout: 1616938419526
ipAddress: 91.174.189.66
logoutlocation:
  world: beelife
  x: -916.8413978627874
  y: 65.5
  z: 354.7262086799742
  yaw: -168.60013
  pitch: 10.500141
lastlocation:
  world: beelife
  x: -1084.0571574752735
  y: 58.0
  z: 169.26733920500104
  yaw: -307.8013
  pitch: 64.95004
