lastAccountName: _kaylor_
timestamps:
  login: 1616955588671
  logout: 1616960117989
ipAddress: 86.239.24.61
logoutlocation:
  world: beelife
  x: -854.915074291318
  y: 54.0
  z: 127.76110857577723
  yaw: 303.1084
  pitch: 10.140364
lastlocation:
  world: beelife
  x: -877.743793085098
  y: 54.0
  z: 104.84508492117936
  yaw: -76.07695
  pitch: 1.9565829
