jails: 
  black: 
    world: beelife
    x: -1116.699999988079
    y: 54.0
    z: 412.4197266972734
    yaw: -194.41893
    pitch: 62.474545
